0.000000
0.065200
0.232300
0.436000
0.634200
0.752200
0.791300
0.827100
0.827100
0.860200
0.860200
0.860200
0.788000
0.689000
0.433800
0.321900
0.290600
0.130700
-0.155700
-0.436600
-0.577400
-0.584900
-0.639900
-0.763700
-0.763700
-0.855600
-0.855600
-0.855600
-0.763700
-0.721000
-0.597200
-0.537100
-0.382600
-0.150200
0.076700
0.242000
0.354300
0.514200
0.679000
0.744800
0.759100
0.784600
0.820300
0.820300
0.784600
0.784600
0.759100
0.681900
0.452000
0.169200
0.020200
-0.020200
-0.169200
-0.452000
-0.681900
-0.759100
-0.784600
-0.784600
-0.820300
-0.820300
-0.784600
-0.759100
-0.744800
-0.679000
-0.514200
-0.354300
-0.242000
-0.076700
0.150200
0.382600
0.537100
0.597200
0.721000
0.763700
0.855600
0.855600
0.855600
0.763700
0.763700
0.639900
0.584900
0.577400
0.436600
0.155700
-0.130700
-0.290600
-0.321900
-0.433800
-0.689000
-0.788000
-0.860200
-0.860200
-0.860200
-0.827100
-0.827100
-0.791300
-0.752200
-0.634200
-0.436000
-0.232300
-0.065200
