0.000300
0.003300
0.014900
0.043200
0.091100
0.149300
0.198500
0.219000
0.200700
0.147900
0.076400
0.007000
-0.042900
-0.064900
-0.060100
-0.037500
-0.009200
0.014200
0.026500
0.026700
0.018000
0.005700
-0.005200
-0.011500
-0.012300
-0.008800
-0.003300
0.001800
0.005000
0.005700
0.004300
0.001800
-0.000600
-0.002100
-0.002600
-0.002100
-0.001000
0.000100
0.000900
0.001200
0.001000
0.000500
0.000000
-0.000400
-0.000500
-0.000500
-0.000300
-0.000000
0.000200
0.000200
0.000200
0.000100
0.000000
-0.000100
-0.000100
-0.000100
-0.000100
-0.000000
0.000000
0.000000
0.000000
0.000000
0.000000
-0.000000
