0.071805
0.024137
-0.209469
-0.616085
-0.699194
0.006805
1.364348
2.441296
2.090476
0.043105
-2.754550
-4.581097
-3.854367
-0.612870
3.343929
5.238121
3.425945
-0.939059
-4.699279
-5.377784
-2.322862
2.426331
5.732594
5.215602
1.255040
-3.271026
-4.883426
-2.373585
1.857216
4.238359
3.100270
-0.582432
-3.889775
-4.054167
-0.924770
3.002961
4.686742
2.333201
-2.256881
-5.842166
-5.636151
-1.559192
3.816647
6.411896
4.467232
-0.467132
-4.991062
-5.860661
-2.478409
2.856793
6.463898
5.672921
1.254573
-3.532161
-5.782328
-4.434271
-0.878687
2.379960
3.485008
2.543098
0.706065
-0.395913
-0.147924
0.401809
0.113659
-1.185114
-2.186115
-1.604647
0.738697
3.615194
4.884282
3.290415
-0.514255
-4.315402
-5.604302
-3.450691
0.821803
4.294946
4.940369
2.617616
-0.806592
-3.251267
-3.803085
-2.486833
-0.272627
1.647823
2.747447
2.922120
2.338573
0.487628
-2.392638
-4.784552
-5.060470
-2.279095
2.599616
6.912277
7.598752
3.694234
-2.855279
-8.156338
-8.658526
-3.660373
3.642348
8.582116
8.013678
2.513254
-4.147827
-7.622196
-6.009692
-0.857222
4.211268
6.023404
3.783632
-0.487664
-3.406710
-2.878133
0.403675
3.864930
4.443340
1.264080
-3.662506
-6.497144
-4.876106
0.210548
5.211087
6.685964
3.692897
-1.294947
-4.585023
-4.053261
-0.566837
2.886838
3.870642
1.795107
-1.480030
-3.477630
-2.909777
-0.401874
2.161080
2.939490
1.541755
-1.123564
-3.167684
-3.159115
-1.019880
1.947870
3.455307
2.179868
-1.207809
-4.095898
-3.848907
-0.244246
4.289335
6.102124
3.595257
-1.846254
-6.405666
-6.633207
-2.254448
3.992823
7.783692
6.302163
0.468379
-5.768271
-7.984571
-4.834949
1.231260
6.236066
6.758350
2.583705
-3.082575
-6.285678
-4.753322
-0.004755
4.301352
5.139692
2.097665
-2.478891
-5.189945
-4.292344
-0.392984
3.712965
4.867348
1.988037
-2.696299
-5.728151
-4.446144
0.716651
6.269879
7.959711
4.412444
-2.673929
-9.058361
-10.470897
-5.701118
2.561384
9.176199
10.290568
5.656697
-1.721680
-7.137358
-7.632746
-3.358427
2.154450
4.891830
3.298594
-0.820163
-4.019923
-3.892778
-0.660221
2.971924
4.044000
1.350530
-3.301877
-6.232785
-4.859384
0.569773
6.860092
9.557538
6.637487
-0.485941
-7.376971
-9.574592
-5.862903
1.116873
6.690056
7.473230
3.230042
-2.855686
-6.802132
-6.462788
-2.588423
2.219414
5.491992
6.113196
4.602665
2.026835
-0.874648
-3.570812
-5.413690
-5.364765
-2.815285
1.854187
6.848359
9.478717
7.523217
1.198601
-6.161879
-10.203731
-8.420107
-1.940743
5.244797
9.016241
7.363128
1.749654
-4.067303
-6.629145
-4.748597
-0.310087
3.645392
4.547904
2.026131
-1.922190
-4.038825
-2.706403
1.048087
4.079375
4.054490
0.616162
-3.857003
-6.252501
-4.586352
0.113061
4.834304
6.640756
4.503414
-0.125765
-4.446482
-6.038129
-4.243765
-0.448529
2.982284
4.376464
3.384978
0.889905
-1.751010
-3.711769
-4.490479
-3.680903
-1.764410
0.473859
2.172079
2.572631
1.639004
-0.065214
-1.661576
-2.065917
-1.165761
0.116738
1.056960
1.515828
1.825558
1.566494
0.165118
-2.128638
-4.040424
-3.965715
-1.267282
2.734019
5.245512
4.473540
0.488251
-4.328090
-6.840290
-5.188493
-0.145465
5.056552
6.946477
4.340470
-0.973097
-5.334737
-5.915844
-2.464727
2.527501
5.776804
5.219180
1.289678
-3.407540
-5.920821
-4.786369
-1.044800
2.997040
4.573662
2.814885
-0.748528
-3.501156
-3.487058
-0.807279
2.533580
4.143582
3.040826
-0.102809
-3.430668
-4.975112
-3.511976
0.158069
3.418469
4.249553
2.278733
-0.912751
-2.819243
-2.266285
0.063727
2.377634
3.087455
1.866808
-0.449811
-2.568125
-3.155894
-1.901800
0.260292
1.983258
2.700124
2.419771
1.268562
-0.621299
-2.323662
-3.254476
-2.820639
-1.081569
1.273471
2.964403
3.003725
1.194136
-1.547982
-3.768287
-4.234425
-2.905695
-0.359683
2.223901
3.969501
4.106299
2.636278
0.039642
-2.952190
-5.225533
-5.376177
-2.911131
0.849218
4.104507
5.410290
4.533399
2.216522
-0.805809
-3.730022
-5.253883
-4.600523
-1.546188
2.442131
5.036557
4.438628
0.957268
-2.748004
-4.156510
-2.463612
0.541662
2.379933
1.747327
-0.324906
-1.924260
-1.812342
-0.019958
1.664711
1.448119
-0.760730
-3.104241
-3.360430
-0.759716
3.128963
5.173460
3.390221
-1.370382
-5.697230
-6.518804
-3.047789
2.705159
6.918398
6.925229
2.910201
-2.511599
-5.897128
-5.522504
-2.008611
2.201547
4.429453
3.258151
-0.059953
-2.804963
-2.927559
-0.269927
3.340142
4.929431
2.764637
-2.147022
-6.144222
-6.149191
-1.904820
3.954826
7.724571
6.827345
1.564924
-4.718322
-8.194067
-6.869055
-1.890309
3.700944
6.934803
6.549983
3.379838
-0.508817
-3.263163
-4.036855
-2.991328
-0.795729
1.515974
2.930007
3.109695
1.804149
-0.668564
-2.833997
-3.270972
-1.717960
1.031018
3.456521
4.747123
4.163428
1.422677
-2.470299
-5.568986
-5.997206
-3.143878
1.840433
6.515027
8.226068
5.364076
-1.025463
-7.311654
-9.615894
-6.355001
0.687231
7.348262
9.719746
6.499013
-0.126239
-5.961090
-7.984108
-5.388265
-0.062289
4.532094
5.937520
3.817731
-0.014182
-3.062342
-4.089058
-3.022826
-0.597749
1.730429
2.905617
2.642498
1.200144
-0.526355
-1.864714
-2.266907
-1.728628
-0.903399
-0.489746
-0.461506
-0.587771
-0.432067
0.237922
1.101642
1.471013
0.542426
-1.288495
-2.780632
-2.581314
-0.117737
3.229582
4.970569
3.255960
-1.252325
-6.181309
-8.204323
-5.733215
0.182871
6.257331
8.954419
6.567443
0.685842
-5.219374
-7.881912
-6.298805
-1.811077
2.947661
5.858921
6.123069
4.383320
1.698328
-1.321745
-4.588951
-7.194324
-7.626956
-4.700853
1.106812
7.410957
10.507566
7.999593
0.093311
-9.396099
-14.873861
-12.652845
-3.001943
9.588241
18.156422
17.390979
7.236492
-7.089815
-18.001807
-19.749066
-11.398430
2.231429
13.609278
16.840638
11.271364
1.128597
-7.853619
-11.536244
-9.229748
-3.129262
3.330949
7.160932
7.439568
5.161515
1.139106
-3.855442
-8.232725
-9.777808
-6.888040
0.087786
7.874568
12.036843
9.909615
2.709940
-5.603621
-10.701390
-10.047722
-4.447526
2.946451
8.444947
9.271140
4.999988
-1.809216
-7.260404
-8.563841
-5.305766
0.034607
4.599034
6.369065
5.038051
1.935210
-1.185776
-3.360883
-4.330545
-3.975141
-2.253019
0.340909
3.072925
5.026885
5.335211
3.600458
0.278717
-3.411513
-5.827043
-5.246157
-1.514442
3.232036
6.065590
5.381459
1.653607
-2.823457
-5.229870
-4.203712
-0.811204
2.414432
3.231935
1.551057
-0.794761
-2.000667
-1.070687
0.914740
2.189265
1.934190
0.466878
-0.883321
-0.992586
0.173505
1.598150
2.654664
2.997998
2.518525
0.924459
-1.529011
-3.448556
-3.376319
-1.028987
2.065567
3.813279
3.451665
1.318542
-1.522306
-3.842719
-4.674275
-3.554153
-0.907569
2.227215
4.733725
5.408496
3.537264
-0.456875
-5.063848
-7.696047
-6.617782
-2.060872
3.843033
8.246383
8.891747
4.992564
-1.655787
-7.701735
-9.805855
-6.447713
0.831652
8.107600
10.702569
6.831535
-1.483521
-9.420185
-12.388093
-8.063730
1.266355
9.684076
11.995735
7.274094
-1.164167
-8.380139
-10.272900
-6.264199
1.057322
7.252603
9.314023
6.819895
1.535585
-3.604579
-6.464800
-6.342728
-4.120619
-0.831885
2.209695
4.149919
4.231410
2.337405
-1.010844
-4.164645
-5.156050
-3.191698
1.083643
5.734796
7.917203
5.717674
-0.336322
-7.277460
-11.054607
-9.190200
-2.374391
5.679722
10.252885
8.680683
1.992157
-5.672098
-9.674405
-7.420430
-0.371096
6.733404
9.133580
5.389721
-1.836835
-7.832323
-8.713274
-4.072083
2.941711
7.428166
6.958128
2.464882
-2.474833
-4.554894
-3.164560
0.091669
2.521154
2.511512
0.893443
-0.650662
-0.699953
0.587885
1.594563
1.126741
-1.039171
-3.414188
-4.080833
-2.006031
1.987620
5.286174
5.709439
2.730908
-1.873150
-5.217185
-5.139387
-1.800654
2.354343
4.172873
2.812854
-0.184819
-2.350103
-2.191911
-0.349070
1.451638
1.731167
0.062286
-2.431716
-3.932919
-3.092076
-0.046053
3.329843
5.282510
4.713046
1.743398
-2.425554
-5.935634
-6.887422
-4.398773
0.736478
6.227154
9.269703
7.984379
2.411936
-4.905384
-9.923203
-9.806221
-4.696210
2.599095
8.049591
9.198546
5.940810
0.277657
-5.441737
-8.798966
-8.324551
-4.372918
1.323876
6.466143
9.060756
7.383854
1.401692
-6.308618
-11.672035
-11.159256
-4.255148
5.882691
13.472821
13.943501
6.419053
-4.815823
-13.301062
-14.348800
-7.472918
3.106710
11.205166
12.389689
6.672517
-1.573259
-6.990230
-6.874090
-2.658234
1.791166
3.427680
1.853307
-0.631045
-1.244817
0.638530
3.063048
3.705836
1.576392
-2.149306
-4.996375
-4.700056
-1.177428
3.423694
5.703858
3.970623
-0.728577
-5.116392
-5.888652
-2.423027
2.818485
6.146020
5.121655
0.921826
-3.293362
-5.059887
-3.847308
-0.921975
2.082278
3.907204
3.920050
2.072208
-1.032001
-3.928384
-4.924785
-3.098762
0.705388
3.849504
3.824726
0.711682
-3.245262
-5.054931
-3.343795
0.983876
4.922686
5.723344
2.971302
-1.327384
-4.400931
-4.525754
-2.023100
1.204024
3.179162
3.373685
2.366057
1.039723
0.083420
-0.626999
-1.526212
-2.889208
-3.934017
-2.925489
0.773754
5.529773
8.274129
6.558779
1.088844
-4.773624
-7.423930
-5.472098
-1.056084
2.620016
3.639859
2.276444
0.265428
-0.865869
-0.749419
-0.196666
-0.143246
-0.846052
-1.792058
-1.827085
-0.522472
1.139359
1.928159
1.109208
-1.045560
-3.045864
-3.250575
-1.167054
1.889645
3.975449
3.694795
1.207152
-1.777696
-3.088311
-2.237133
-0.304763
1.077375
1.197067
0.275139
-0.846067
-0.911599
0.153407
1.595386
2.074614
0.983479
-1.050561
-2.568776
-2.473901
-0.722486
1.476072
2.732426
2.229247
0.065211
-2.699929
-4.561576
-4.141261
-1.501353
2.602531
6.095484
6.760030
3.776275
-1.050775
-4.939997
-5.672465
-3.079862
1.059123
3.836438
3.254590
-0.146332
-3.299443
-3.441400
-0.280015
3.304282
3.974840
0.622289
-4.215029
-6.177514
-3.125930
3.134715
8.230418
8.154321
2.212313
-5.924296
-10.475142
-7.861892
0.584663
9.103105
11.452085
5.547576
-4.860564
-12.439683
-11.627338
-2.946040
7.775549
13.313280
9.737261
-0.148594
-9.552529
-12.403692
-7.343675
2.067675
9.688008
10.681434
4.472808
-4.522832
-10.366947
-9.372858
-2.445544
5.689039
9.949497
7.851630
1.223607
-5.352422
-7.478821
-4.189094
1.543297
5.433466
4.787807
0.330160
-4.062554
-4.777422
-1.093119
4.508389
7.682459
5.711126
-0.325744
-6.118720
-7.424582
-3.239110
3.177230
