-0.000400
0.553200
1.048800
1.434300
1.675800
1.751400
1.667000
1.441600
1.115000
0.736100
0.356500
0.026600
-0.216300
-0.348200
-0.364900
-0.280300
-0.123800
0.062800
0.234200
0.346800
0.366300
0.273100
0.065600
-0.239000
-0.607000
-0.992000
-1.341900
-1.605600
-1.740700
-1.719400
-1.532400
-1.191500
-0.727600
-0.187400
0.372600
0.893300
1.320700
1.612800
1.744800
1.712100
1.530100
1.232400
0.864900
0.479900
0.128400
-0.146800
-0.317200
-0.371700
-0.318100
-0.181600
-0.000000
0.181600
0.318100
0.371700
0.317200
0.146800
-0.128400
-0.479900
-0.864900
-1.232400
-1.530100
-1.712100
-1.744800
-1.612800
-1.320700
-0.893300
-0.372600
0.187400
0.727600
1.191500
1.532400
1.719300
1.740700
1.605600
1.341900
0.992000
0.606900
0.239000
-0.065700
-0.273100
-0.366300
-0.346800
-0.234200
-0.062800
0.123900
0.280200
0.364900
0.348200
0.216200
-0.026500
-0.356700
-0.735900
-1.115100
-1.441700
-1.666700
-1.751900
-1.675300
-1.434700
-1.048500
-0.553300
0.000000
0.553300
1.048500
1.434700
1.675300
1.751900
1.666700
1.441700
1.115100
0.735900
0.356700
0.026500
-0.216200
-0.348200
-0.364900
-0.280200
-0.123900
0.062800
0.234200
0.346800
0.366300
0.273100
0.065700
-0.239000
-0.606900
-0.992000
-1.341900
-1.605600
-1.740700
-1.719300
-1.532400
-1.191500
-0.727600
-0.187400
0.372600
0.893300
1.320700
1.612800
1.744800
1.712100
1.530100
1.232400
0.864900
0.479900
0.128400
-0.146800
-0.317200
-0.371700
-0.318100
-0.181600
-0.000000
0.181600
0.318100
0.371700
0.317200
0.146800
-0.128400
-0.479900
-0.864900
-1.232400
-1.530100
-1.712100
-1.744800
-1.612800
-1.320700
-0.893300
-0.372600
0.187400
0.727600
1.191500
1.532400
1.719300
1.740700
1.605600
1.341900
0.992000
0.606900
0.239000
-0.065700
-0.273100
-0.366300
-0.346800
-0.234200
-0.062800
0.123900
0.280200
0.364900
0.348200
0.216200
-0.026500
-0.356700
-0.735900
-1.115100
-1.441700
-1.666700
-1.751900
-1.675300
-1.434700
-1.048500
-0.553300
-0.000000
0.553300
1.048500
1.434700
1.675300
1.751900
1.666700
1.441700
1.115100
0.735900
0.356700
0.026500
-0.216200
-0.348200
-0.364900
-0.280200
-0.123900
0.062800
0.234200
0.346800
0.366300
0.273100
0.065700
-0.239000
-0.606900
-0.992000
-1.341900
-1.605600
-1.740700
-1.719300
-1.532400
-1.191500
-0.727600
-0.187400
0.372600
0.893300
1.320700
1.612800
1.744800
1.712100
1.530100
1.232400
0.864900
0.479900
0.128400
-0.146800
-0.317200
-0.371700
-0.318100
-0.181600
0.000000
0.181600
0.318100
0.371700
0.317200
0.146800
-0.128400
-0.479900
-0.864900
-1.232400
-1.530100
-1.712100
-1.744800
-1.612800
-1.320700
-0.893300
-0.372600
0.187400
0.727600
1.191500
1.532400
1.719300
1.740700
1.605600
1.341900
0.992000
0.606900
0.239000
-0.065700
-0.273100
-0.366300
-0.346800
-0.234200
-0.062800
0.123900
0.280200
0.364900
0.348200
0.216200
-0.026500
-0.356700
-0.735900
-1.115100
-1.441700
-1.666700
-1.751900
-1.675300
-1.434700
-1.048500
-0.553300
0.000000
0.553300
1.048500
1.434700
1.675300
1.751900
1.666700
1.441700
1.115100
0.735900
0.356700
0.026500
-0.216200
-0.348200
-0.364900
-0.280200
-0.123900
0.062800
0.234200
0.346800
0.366300
0.273100
0.065700
-0.239000
-0.606900
-0.992000
-1.341900
-1.605600
-1.740700
-1.719300
-1.532400
-1.191500
-0.727600
-0.187400
0.372600
0.893300
1.320700
1.612800
1.744800
1.712100
1.530100
1.232400
0.864900
0.479900
0.128400
-0.146800
-0.317200
-0.371700
-0.318100
-0.181600
0.000000
0.181600
0.318100
0.371700
0.317200
0.146800
-0.128400
-0.479900
-0.864900
-1.232400
-1.530100
-1.712100
-1.744800
-1.612800
-1.320700
-0.893300
-0.372600
0.187400
0.727600
1.191500
1.532400
1.719300
1.740700
1.605600
1.341900
0.992000
0.606900
0.239000
-0.065700
-0.273100
-0.366300
-0.346800
-0.234200
-0.062800
0.123900
0.280200
0.364900
0.348200
0.216200
-0.026500
-0.356700
-0.735900
-1.115100
-1.441700
-1.666700
-1.751900
-1.675300
-1.434700
-1.048500
-0.553300
0.000000
0.553300
1.048500
1.434700
1.675300
1.751900
1.666700
1.441700
1.115100
0.735900
0.356700
0.026500
-0.216200
-0.348200
-0.364900
-0.280200
-0.123900
0.062800
0.234200
0.346800
0.366300
0.273100
0.065700
-0.239000
-0.606900
-0.992000
-1.341900
-1.605600
-1.740700
-1.719300
-1.532400
-1.191500
-0.727600
-0.187400
0.372600
0.893300
1.320700
1.612800
1.744800
1.712100
1.530100
1.232400
0.864900
0.479900
0.128400
-0.146800
-0.317200
-0.371700
-0.318100
-0.181600
-0.000000
0.181600
0.318100
0.371700
0.317200
0.146800
-0.128400
-0.479900
-0.864900
-1.232400
-1.530100
-1.712100
-1.744800
-1.612800
-1.320700
-0.893300
-0.372600
0.187400
0.727600
1.191500
1.532400
1.719300
1.740700
1.605600
1.341900
0.992000
0.606900
0.239000
-0.065700
-0.273100
-0.366300
-0.346800
-0.234200
-0.062800
0.123900
0.280200
0.364900
0.348200
0.216200
-0.026500
-0.356700
-0.735900
-1.115100
-1.441700
-1.666700
-1.751900
-1.675300
-1.434700
-1.048500
-0.553300
-0.000000
0.553300
1.048500
1.434700
1.675300
1.751900
1.666700
1.441700
1.115100
0.735900
0.356700
0.026500
-0.216200
-0.348200
-0.364900
-0.280200
-0.123900
0.062800
0.234200
0.346800
0.366300
0.273100
0.065700
-0.239000
-0.606900
-0.992000
-1.341900
-1.605600
-1.740700
-1.719300
-1.532400
-1.191500
-0.727600
-0.187400
0.372600
0.893300
1.320700
1.612800
1.744800
1.712100
1.530100
1.232400
0.864900
0.479900
0.128400
-0.146800
-0.317200
-0.371700
-0.318100
-0.181600
-0.000000
0.181600
0.318100
0.371700
0.317200
0.146800
-0.128400
-0.479900
-0.864900
-1.232400
-1.530100
-1.712100
-1.744800
-1.612800
-1.320700
-0.893300
-0.372600
0.187400
0.727600
1.191500
1.532400
1.719300
1.740700
1.605600
1.341900
0.992000
0.606900
0.239000
-0.065700
-0.273100
-0.366300
-0.346800
-0.234200
-0.062800
0.123900
0.280200
0.364900
0.348200
0.216200
-0.026500
-0.356700
-0.735900
-1.115100
-1.441700
-1.666700
-1.751900
-1.675300
-1.434700
-1.048500
-0.553300
-0.000000
0.553300
1.048500
1.434700
1.675300
1.751900
1.666700
1.441700
1.115100
0.735900
0.356700
0.026500
-0.216200
-0.348200
-0.364900
-0.280200
-0.123900
0.062800
0.234200
0.346800
0.366300
0.273100
0.065700
-0.239000
-0.606900
-0.992000
-1.341900
-1.605600
-1.740700
-1.719300
-1.532400
-1.191500
-0.727600
-0.187400
0.372600
0.893300
1.320700
1.612800
1.744800
1.712100
1.530100
1.232400
0.864900
0.479900
0.128400
-0.146800
-0.317200
-0.371700
-0.318100
-0.181600
-0.000000
0.181600
0.318100
0.371700
0.317200
0.146800
-0.128400
-0.479900
-0.864900
-1.232400
-1.530100
-1.712100
-1.744800
-1.612800
-1.320700
-0.893300
-0.372600
0.187400
0.727600
1.191500
1.532400
1.719300
1.740700
1.605600
1.341900
0.992000
0.606900
0.239000
-0.065700
-0.273100
-0.366300
-0.346800
-0.234200
-0.062800
0.123900
0.280200
0.364900
0.348200
0.216200
-0.026500
-0.356700
-0.735900
-1.115100
-1.441700
-1.666700
-1.751900
-1.675300
-1.434700
-1.048500
-0.553300
-0.000000
0.553300
1.048500
1.434700
1.675300
1.751900
1.666700
1.441700
1.115100
0.735900
0.356700
0.026500
-0.216200
-0.348200
-0.364900
-0.280200
-0.123900
0.062800
0.234200
0.346800
0.366300
0.273100
0.065700
-0.239000
-0.606900
-0.992000
-1.341900
-1.605600
-1.740700
-1.719300
-1.532400
-1.191500
-0.727600
-0.187400
0.372600
0.893300
1.320700
1.612800
1.744800
1.712100
1.530100
1.232400
0.864900
0.479900
0.128400
-0.146800
-0.317200
-0.371700
-0.318100
-0.181600
-0.000000
0.181600
0.318100
0.371700
0.317200
0.146800
-0.128400
-0.479900
-0.864900
-1.232400
-1.530100
-1.712100
-1.744800
-1.612800
-1.320700
-0.893300
-0.372600
0.187400
0.727600
1.191500
1.532400
1.719300
1.740700
1.605600
1.341900
0.992000
0.606900
0.239000
-0.065700
-0.273100
-0.366300
-0.346800
-0.234200
-0.062800
0.123900
0.280200
0.364900
0.348200
0.216200
-0.026500
-0.356700
-0.735900
-1.115100
-1.441700
-1.666700
-1.751900
-1.675300
-1.434700
-1.048500
-0.553300
0.000000
0.553300
1.048500
1.434700
1.675300
1.751900
1.666700
1.441700
1.115100
0.735900
0.356700
0.026500
-0.216200
-0.348200
-0.364900
-0.280200
-0.123900
0.062800
0.234200
0.346800
0.366300
0.273100
0.065700
-0.239000
-0.606900
-0.992000
-1.341900
-1.605600
-1.740700
-1.719300
-1.532400
-1.191500
-0.727600
-0.187400
0.372600
0.893300
1.320700
1.612800
1.744800
1.712100
1.530100
1.232400
0.864900
0.479900
0.128400
-0.146800
-0.317200
-0.371700
-0.318100
-0.181600
0.000000
0.181600
0.318100
0.371700
0.317200
0.146800
-0.128400
-0.479900
-0.864900
-1.232400
-1.530100
-1.712100
-1.744800
-1.612800
-1.320700
-0.893300
-0.372600
0.187400
0.727600
1.191500
1.532400
1.719300
1.740700
1.605600
1.341900
0.992000
0.606900
0.239000
-0.065700
-0.273100
-0.366300
-0.346800
-0.234200
-0.062800
0.123900
0.280200
0.364900
0.348200
0.216200
-0.026500
-0.356700
-0.735900
-1.115100
-1.441700
-1.666700
-1.751900
-1.675300
-1.434700
-1.048500
-0.553300
0.000000
0.553300
1.048500
1.434700
1.675300
1.751900
1.666700
1.441700
1.115100
0.735900
0.356700
0.026500
-0.216200
-0.348200
-0.364900
-0.280200
-0.123900
0.062800
0.234200
0.346800
0.366300
0.273100
0.065700
-0.239000
-0.606900
-0.992000
-1.341900
-1.605600
-1.740700
-1.719300
-1.532400
-1.191500
-0.727600
-0.187400
0.372600
0.893300
1.320700
1.612800
1.744800
1.712100
1.530100
1.232400
0.864900
0.479900
0.128400
-0.146800
-0.317200
-0.371700
-0.318100
-0.181600
0.000000
0.181600
0.318100
0.371700
0.317200
0.146800
-0.128400
-0.479900
-0.864900
-1.232400
-1.530100
-1.712100
-1.744800
-1.612800
-1.320700
-0.893300
-0.372600
0.187400
0.727600
1.191500
1.532400
1.719400
1.740700
1.605600
1.341900
0.991900
0.607000
0.238900
-0.065600
-0.273100
-0.366400
-0.346600
-0.234400
-0.062600
0.123800
0.280100
0.365200
0.347700
0.216800
-0.027100
-0.356300
-0.735800
-1.115800
-1.440400
-1.668400
-1.750000
-1.676900
-1.434400
-1.046300
-0.557400
0.007600
