0.025000
0.587000
1.103000
1.531000
1.837000
1.997000
1.999000
1.842000
1.540000
1.115000
0.601000
0.039000
-0.523000
-1.041000
-1.471000
-1.780000
-1.944000
-1.950000
-1.798000
-1.499000
-1.077000
-0.564000
-0.003000
0.560000
1.079000
1.512000
1.825000
1.992000
2.002000
1.854000
1.558000
1.139000
0.628000
0.068000
-0.496000
-1.017000
-1.452000
-1.768000
-1.939000
-1.953000
-1.809000
-1.517000
-1.100000
-0.591000
-0.032000
0.532000
1.055000
1.493000
1.812000
1.988000
2.006000
1.865000
1.576000
1.162000
0.655000
0.096000
-0.468000
-0.992000
-1.433000
-1.755000
-1.934000
-1.956000
-1.820000
-1.535000
-1.123000
-0.618000
-0.060000
0.505000
1.030000
1.474000
1.800000
1.982000
2.008000
1.876000
1.594000
1.185000
0.682000
0.125000
-0.441000
-0.968000
-1.414000
-1.743000
-1.929000
-1.959000
-1.830000
-1.552000
-1.147000
-0.645000
-0.089000
0.477000
1.006000
1.454000
1.786000
1.977000
2.011000
1.886000
1.611000
1.208000
0.709000
0.153000
-0.413000
-0.943000
-1.394000
-1.729000
-1.923000
-1.961000
-1.840000
-1.569000
-1.169000
-0.672000
-0.117000
0.449000
0.981000
1.434000
1.773000
1.971000
2.013000
1.896000
1.628000
1.231000
0.735000
0.182000
-0.385000
-0.918000
-1.374000
-1.716000
-1.917000
-1.963000
-1.850000
-1.586000
-1.192000
-0.699000
-0.146000
0.421000
0.956000
1.414000
1.759000
1.965000
2.015000
1.905000
1.645000
1.253000
0.762000
0.210000
-0.357000
-0.893000
-1.353000
-1.702000
-1.911000
-1.965000
-1.859000
-1.603000
-1.214000
-0.725000
-0.174000
0.393000
0.930000
1.393000
1.745000
1.958000
2.016000
1.915000
1.661000
1.276000
0.788000
0.238000
-0.329000
-0.868000
-1.333000
-1.687000
-1.904000
-1.966000
-1.868000
-1.619000
-1.237000
-0.751000
-0.202000
0.365000
0.905000
1.373000
1.731000
1.951000
2.017000
1.923000
1.677000
1.298000
0.815000
0.267000
-0.301000
-0.842000
-1.312000
-1.673000
-1.897000
-1.967000
-1.877000
-1.635000
-1.258000
-0.777000
-0.231000
0.337000
0.879000
1.352000
1.716000
1.944000
2.018000
1.932000
1.693000
1.319000
0.841000
0.295000
-0.273000
-0.816000
-1.291000
-1.658000
-1.889000
-1.967000
-1.885000
-1.650000
-1.280000
-0.803000
-0.259000
0.309000
0.854000
1.330000
1.701000
1.936000
2.018000
1.940000
1.708000
1.341000
0.866000
0.323000
-0.245000
-0.790000
-1.269000
-1.643000
-1.881000
-1.967000
-1.893000
-1.665000
-1.301000
-0.829000
-0.287000
0.281000
0.828000
1.309000
1.685000
1.928000
2.017000
1.947000
1.723000
1.362000
0.892000
0.351000
-0.217000
-0.764000
-1.247000
-1.627000
-1.873000
-1.966000
-1.901000
-1.680000
-1.322000
-0.855000
-0.315000
0.252000
0.801000
1.287000
1.669000
1.919000
2.017000
1.955000
1.738000
1.383000
0.918000
0.379000
-0.188000
-0.738000
-1.226000
-1.611000
-1.864000
-1.965000
-1.908000
-1.695000
-1.343000
-0.880000
-0.343000
0.224000
0.775000
1.265000
1.653000
1.910000
2.016000
1.962000
1.752000
1.404000
0.943000
0.407000
-0.160000
-0.712000
-1.203000
-1.595000
-1.855000
-1.964000
-1.914000
-1.709000
-1.364000
-0.906000
-0.371000
0.196000
0.749000
1.242000
1.637000
1.901000
2.014000
1.968000
1.766000
1.424000
0.968000
0.435000
-0.132000
-0.685000
-1.181000
-1.578000
-1.845000
-1.962000
-1.921000
-1.723000
-1.384000
-0.931000
-0.399000
0.167000
0.722000
1.220000
1.620000
1.891000
2.012000
1.974000
1.780000
1.444000
0.993000
0.463000
-0.103000
-0.659000
-1.158000
-1.561000
-1.835000
-1.960000
-1.926000
-1.736000
-1.404000
-0.955000
-0.427000
0.139000
0.695000
1.197000
1.603000
1.881000
2.010000
1.980000
1.793000
1.464000
1.018000
0.491000
-0.075000
-0.632000
-1.135000
-1.544000
-1.825000
-1.958000
-1.932000
-1.749000
-1.423000
-0.980000
-0.455000
0.110000
0.668000
1.174000
1.585000
1.870000
2.007000
1.985000
1.806000
1.483000
1.042000
0.518000
-0.046000
-0.605000
-1.112000
-1.526000
-1.814000
-1.955000
-1.937000
-1.762000
-1.443000
-1.005000
-0.482000
0.082000
0.641000
1.150000
1.567000
1.859000
2.004000
1.990000
1.818000
1.503000
1.067000
0.546000
-0.018000
-0.578000
-1.088000
-1.508000
-1.803000
-1.952000
-1.942000
-1.774000
-1.462000
-1.029000
-0.510000
0.053000
0.614000
1.127000
1.549000
1.848000
2.000000
1.994000
1.831000
1.521000
1.091000
0.573000
0.011000
-0.551000
-1.065000
-1.490000
-1.792000
-1.948000
-1.946000
-1.786000
-1.480000
-1.053000
-0.537000
0.025000
0.587000
1.103000
1.531000
1.837000
1.997000
1.999000
1.842000
1.540000
1.115000
0.601000
0.039000
-0.523000
-1.041000
-1.471000
-1.780000
-1.944000
-1.950000
-1.798000
-1.499000
-1.077000
-0.564000
-0.003000
0.560000
1.079000
1.512000
1.825000
1.992000
2.002000
1.854000
1.558000
1.139000
0.628000
0.068000
-0.496000
-1.017000
-1.452000
-1.768000
-1.939000
-1.953000
-1.809000
-1.517000
-1.100000
-0.591000
-0.032000
0.532000
1.055000
1.493000
1.812000
1.988000
2.006000
1.865000
1.576000
1.162000
0.655000
0.096000
-0.468000
-0.992000
-1.433000
-1.755000
-1.934000
-1.956000
-1.820000
-1.535000
-1.123000
-0.618000
-0.060000
0.505000
1.030000
1.474000
1.800000
1.982000
2.008000
1.876000
1.594000
1.185000
0.682000
0.125000
-0.441000
-0.968000
-1.414000
-1.743000
-1.929000
-1.959000
-1.830000
-1.552000
-1.147000
-0.645000
-0.089000
0.477000
1.006000
1.454000
1.786000
1.977000
2.011000
1.886000
1.611000
1.208000
0.709000
0.153000
-0.413000
-0.943000
-1.394000
-1.729000
-1.923000
-1.961000
-1.840000
-1.569000
-1.169000
-0.672000
-0.117000
0.449000
0.981000
1.434000
1.773000
1.971000
2.013000
1.896000
1.628000
1.231000
0.735000
0.182000
-0.385000
-0.918000
-1.374000
-1.716000
-1.917000
-1.963000
-1.850000
-1.586000
-1.192000
-0.699000
-0.146000
0.421000
0.956000
1.414000
1.759000
1.965000
2.015000
1.905000
1.645000
1.253000
0.762000
0.210000
-0.357000
-0.893000
-1.353000
-1.702000
-1.911000
-1.965000
-1.859000
-1.603000
-1.214000
-0.725000
-0.174000
0.393000
0.930000
1.393000
1.745000
1.958000
2.016000
1.915000
1.661000
1.276000
0.788000
0.238000
-0.329000
-0.868000
-1.333000
-1.687000
-1.904000
-1.966000
-1.868000
-1.619000
-1.237000
-0.751000
-0.202000
0.365000
0.905000
1.373000
1.731000
1.951000
2.017000
1.923000
1.677000
1.298000
0.815000
0.267000
-0.301000
-0.842000
-1.312000
-1.673000
-1.897000
-1.967000
-1.877000
-1.635000
-1.258000
-0.777000
-0.231000
0.337000
0.879000
1.352000
1.716000
1.944000
2.018000
1.932000
1.693000
1.319000
0.841000
0.295000
-0.273000
-0.816000
-1.291000
-1.658000
-1.889000
-1.967000
-1.885000
-1.650000
-1.280000
-0.803000
-0.259000
0.309000
0.854000
1.330000
1.701000
1.936000
2.018000
1.940000
1.708000
1.341000
0.866000
0.323000
-0.245000
-0.790000
-1.269000
-1.643000
-1.881000
-1.967000
-1.893000
-1.665000
-1.301000
-0.829000
-0.287000
0.281000
0.828000
1.309000
1.685000
1.928000
2.017000
1.947000
1.723000
1.362000
0.892000
0.351000
-0.217000
-0.764000
-1.247000
-1.627000
-1.873000
-1.966000
-1.901000
-1.680000
-1.322000
-0.855000
-0.315000
0.252000
0.801000
1.287000
1.669000
1.919000
2.017000
1.955000
1.738000
1.383000
0.918000
0.379000
-0.188000
-0.738000
-1.226000
-1.611000
-1.864000
-1.965000
-1.908000
-1.695000
-1.343000
-0.880000
-0.343000
0.224000
0.775000
1.265000
1.653000
1.910000
2.016000
1.962000
1.752000
1.404000
0.943000
0.407000
-0.160000
-0.712000
-1.203000
-1.595000
-1.855000
-1.964000
-1.914000
-1.709000
-1.364000
-0.906000
-0.371000
0.196000
0.749000
1.242000
1.637000
1.901000
2.014000
1.968000
1.766000
1.424000
0.968000
0.435000
-0.132000
-0.685000
-1.181000
-1.578000
-1.845000
-1.962000
-1.921000
-1.723000
-1.384000
-0.931000
-0.399000
0.167000
0.722000
1.220000
1.620000
1.891000
2.012000
1.974000
1.780000
1.444000
0.993000
0.463000
-0.103000
-0.659000
-1.158000
-1.561000
-1.835000
-1.960000
-1.926000
-1.736000
-1.404000
-0.955000
-0.427000
0.139000
0.695000
1.197000
1.603000
1.881000
2.010000
1.980000
1.793000
1.464000
1.018000
0.491000
-0.075000
-0.632000
-1.135000
-1.544000
-1.825000
-1.958000
-1.932000
-1.749000
-1.423000
-0.980000
-0.455000
0.110000
0.668000
1.174000
1.585000
1.870000
2.007000
1.985000
1.806000
1.483000
1.042000
0.518000
-0.046000
-0.605000
-1.112000
-1.526000
-1.814000
-1.955000
-1.937000
-1.762000
-1.443000
-1.005000
-0.482000
0.082000
0.641000
1.150000
1.567000
1.859000
2.004000
1.990000
1.818000
1.503000
1.067000
0.546000
-0.018000
-0.578000
-1.088000
-1.508000
-1.803000
-1.952000
-1.942000
-1.774000
-1.462000
-1.029000
-0.510000
0.053000
0.614000
1.127000
1.549000
1.848000
2.000000
1.994000
1.831000
1.521000
1.091000
0.573000
0.011000
-0.551000
-1.065000
-1.490000
-1.792000
-1.948000
-1.946000
-1.786000
-1.480000
-1.053000
-0.537000
0.025000
0.587000
1.103000
1.531000
1.837000
1.997000
1.999000
1.842000
1.540000
1.115000
0.601000
0.039000
-0.523000
-1.041000
-1.471000
-1.780000
-1.944000
-1.950000
-1.798000
-1.499000
-1.077000
-0.564000
-0.003000
0.560000
1.079000
1.512000
1.825000
1.992000
2.002000
1.854000
1.558000
1.139000
0.628000
0.068000
-0.496000
-1.017000
-1.452000
-1.768000
-1.939000
-1.953000
-1.809000
-1.517000
-1.100000
-0.591000
-0.032000
0.532000
1.055000
1.493000
1.812000
1.988000
2.006000
1.865000
1.576000
1.162000
0.655000
0.096000
-0.468000
-0.992000
-1.433000
-1.755000
-1.934000
-1.956000
-1.820000
-1.535000
-1.123000
-0.618000
-0.060000
0.505000
1.030000
1.474000
1.800000
1.982000
2.008000
1.876000
1.594000
1.185000
0.682000
0.125000
-0.441000
-0.968000
-1.414000
-1.743000
-1.929000
-1.959000
-1.830000
-1.552000
-1.147000
-0.645000
-0.089000
0.477000
1.006000
1.454000
1.786000
1.977000
2.011000
1.886000
1.611000
1.208000
0.709000
0.153000
-0.413000
-0.943000
-1.394000
-1.729000
-1.923000
-1.961000
-1.840000
-1.569000
-1.169000
-0.672000
-0.117000
0.449000
0.981000
1.434000
1.773000
1.971000
2.013000
1.896000
1.628000
1.231000
0.735000
0.182000
-0.385000
-0.918000
-1.374000
-1.716000
-1.917000
-1.963000
-1.850000
-1.586000
-1.192000
-0.699000
-0.146000
0.421000
0.956000
1.414000
1.759000
1.965000
2.015000
1.905000
1.645000
1.253000
0.762000
0.210000
-0.357000
-0.893000
-1.353000
-1.702000
-1.911000
-1.965000
-1.859000
-1.603000
-1.214000
-0.725000
-0.174000
0.393000
0.930000
1.393000
1.745000
1.958000
2.016000
1.915000
1.661000
1.276000
0.788000
0.238000
-0.329000
-0.868000
-1.333000
-1.687000
-1.904000
-1.966000
-1.868000
-1.619000
-1.237000
-0.751000
-0.202000
0.365000
0.905000
1.373000
1.731000
1.951000
2.017000
1.923000
1.677000
1.298000
0.815000
0.267000
-0.301000
-0.842000
-1.312000
-1.673000
-1.897000
-1.967000
-1.877000
-1.635000
-1.258000
-0.777000
-0.231000
0.337000
0.879000
1.352000
1.716000
1.944000
2.018000
1.932000
1.693000
1.319000
0.841000
0.295000
-0.273000
-0.816000
-1.291000
-1.658000
-1.889000
-1.967000
-1.885000
-1.650000
-1.280000
-0.803000
-0.259000
0.309000
0.854000
1.330000
1.701000
1.936000
2.018000
1.940000
1.708000
1.341000
0.866000
0.323000
-0.245000
-0.790000
-1.269000
-1.643000
-1.881000
-1.967000
-1.893000
-1.665000
-1.301000
-0.829000
-0.287000
0.281000
0.828000
1.309000
1.685000
1.928000
2.017000
1.947000
1.723000
1.362000
0.892000
0.351000
-0.217000
-0.764000
-1.247000
-1.627000
-1.873000
-1.966000
-1.901000
-1.680000
-1.322000
-0.855000
-0.315000
0.252000
0.801000
1.287000
1.669000
1.919000
2.017000
1.955000
1.738000
1.383000
0.918000
0.379000
-0.188000
-0.738000
-1.226000
-1.611000
-1.864000
-1.965000
-1.908000
-1.695000
-1.343000
-0.880000
-0.343000
0.224000
0.775000
1.265000
1.653000
1.910000
2.016000
1.962000
1.752000
1.404000
0.943000
0.407000
-0.160000
-0.712000
-1.203000
-1.595000
-1.855000
-1.964000
-1.914000
-1.709000
-1.364000
-0.906000
-0.371000
0.196000
0.749000
1.242000
1.637000
1.901000
2.014000
1.968000
1.766000
1.424000
0.968000
0.435000
-0.132000
-0.685000
-1.181000
-1.578000
-1.845000
-1.962000
-1.921000
-1.723000
-1.384000
-0.931000
-0.399000
0.167000
0.722000
1.220000
1.620000
1.891000
2.012000
1.974000
1.780000
1.444000
0.993000
0.463000
-0.103000
-0.659000
-1.158000
-1.561000
-1.835000
-1.960000
-1.926000
-1.736000
-1.404000
-0.955000
-0.427000
0.139000
0.695000
1.197000
1.603000
1.881000
2.010000
1.980000
1.793000
1.464000
1.018000
0.491000
-0.075000
-0.632000
-1.135000
-1.544000
-1.825000
-1.958000
-1.932000
-1.749000
-1.423000
-0.980000
-0.455000
0.110000
0.668000
1.174000
1.585000
1.870000
2.007000
1.985000
1.806000
1.483000
1.042000
0.518000
-0.046000
-0.605000
-1.112000
-1.526000
-1.814000
-1.955000
-1.937000
-1.762000
-1.443000
-1.005000
-0.482000
0.082000
0.641000
1.150000
1.567000
1.859000
2.004000
1.990000
1.818000
1.503000
1.067000
0.546000
-0.018000
-0.578000
-1.088000
-1.508000
-1.803000
-1.952000
-1.942000
-1.774000
-1.462000
-1.029000
-0.510000
0.053000
0.614000
1.127000
1.549000
1.848000
2.000000
1.994000
1.831000
1.521000
1.091000
0.573000
0.011000
-0.551000
-1.065000
-1.490000
-1.792000
-1.948000
-1.946000
-1.786000
-1.480000
-1.053000
-0.537000
0.025000
0.587000
1.103000
1.531000
1.837000
1.997000
1.999000
1.842000
1.540000
1.115000
0.601000
0.039000
-0.523000
-1.041000
-1.471000
-1.780000
-1.944000
-1.950000
-1.798000
-1.499000
-1.077000
-0.564000
-0.003000
0.560000
1.079000
1.512000
1.825000
1.992000
2.002000
1.854000
1.558000
1.139000
0.628000
0.068000
-0.496000
-1.017000
-1.452000
-1.768000
-1.939000
-1.953000
-1.809000
-1.517000
-1.100000
-0.591000
-0.032000
0.532000
1.055000
1.493000
1.812000
1.988000
2.006000
1.865000
1.576000
1.162000
0.655000
0.096000
-0.468000
-0.992000
-1.433000
-1.755000
-1.934000
-1.956000
-1.820000
-1.535000
-1.123000
-0.618000
-0.060000
0.505000
1.030000
1.474000
1.800000
1.982000
2.008000
1.876000
1.594000
1.185000
0.682000
0.125000
-0.441000
-0.968000
-1.414000
-1.743000
-1.929000
-1.959000
-1.830000
-1.552000
-1.147000
-0.645000
-0.089000
0.477000
1.006000
1.454000
1.786000
1.977000
2.011000
1.886000
1.611000
1.208000
0.709000
0.153000
-0.413000
-0.943000
-1.394000
-1.729000
-1.923000
-1.961000
-1.840000
-1.569000
-1.169000
-0.672000
-0.117000
0.449000
0.981000
1.434000
1.773000
1.971000
2.013000
1.896000
1.628000
1.231000
0.735000
0.182000
-0.385000
-0.918000
-1.374000
-1.716000
-1.917000
-1.963000
-1.850000
-1.586000
-1.192000
-0.699000
-0.146000
0.421000
0.956000
1.414000
1.759000
1.965000
2.015000
1.905000
1.645000
1.253000
0.762000
0.210000
-0.357000
-0.893000
-1.353000
-1.702000
-1.911000
-1.965000
-1.859000
-1.603000
-1.214000
-0.725000
-0.174000
0.393000
0.930000
1.393000
1.745000
1.958000
2.016000
1.915000
1.661000
1.276000
0.788000
0.238000
-0.329000
-0.868000
-1.333000
-1.687000
-1.904000
-1.966000
-1.868000
-1.619000
-1.237000
-0.751000
-0.202000
0.365000
0.905000
1.373000
1.731000
1.951000
2.017000
1.923000
1.677000
1.298000
0.815000
0.267000
-0.301000
-0.842000
-1.312000
-1.673000
-1.897000
-1.967000
-1.877000
-1.635000
-1.258000
-0.777000
-0.231000
0.337000
0.879000
1.352000
1.716000
1.944000
2.018000
1.932000
1.693000
1.319000
0.841000
0.295000
-0.273000
-0.816000
-1.291000
-1.658000
-1.889000
-1.967000
-1.885000
-1.650000
-1.280000
-0.803000
-0.259000
0.309000
0.854000
1.330000
1.701000
1.936000
2.018000
1.940000
1.708000
1.341000
0.866000
0.323000
-0.245000
-0.790000
-1.269000
-1.643000
-1.881000
-1.967000
-1.893000
-1.665000
-1.301000
-0.829000
-0.287000
0.281000
0.828000
1.309000
1.685000
1.928000
2.017000
1.947000
1.723000
1.362000
0.892000
0.351000
-0.217000
-0.764000
-1.247000
-1.627000
-1.873000
-1.966000
-1.901000
-1.680000
-1.322000
-0.855000
-0.315000
0.252000
0.801000
1.287000
1.669000
1.919000
2.017000
1.955000
1.738000
1.383000
0.918000
0.379000
-0.188000
-0.738000
-1.226000
-1.611000
-1.864000
-1.965000
-1.908000
-1.695000
-1.343000
-0.880000
-0.343000
0.224000
0.775000
1.265000
1.653000
1.910000
2.016000
1.962000
1.752000
1.404000
0.943000
0.407000
-0.160000
-0.712000
-1.203000
-1.595000
-1.855000
-1.964000
-1.914000
-1.709000
-1.364000
-0.906000
-0.371000
0.196000
0.749000
1.242000
1.637000
1.901000
2.014000
1.968000
1.766000
1.424000
0.968000
0.435000
-0.132000
-0.685000
-1.181000
-1.578000
-1.845000
-1.962000
-1.921000
-1.723000
-1.384000
-0.931000
-0.399000
0.167000
0.722000
1.220000
1.620000
1.891000
2.012000
1.974000
1.780000
1.444000
0.993000
0.463000
-0.103000
-0.659000
-1.158000
-1.561000
-1.835000
-1.960000
-1.926000
-1.736000
-1.404000
-0.955000
-0.427000
0.139000
0.695000
1.197000
1.603000
1.881000
2.010000
1.980000
1.793000
1.464000
1.018000
0.491000
-0.075000
-0.632000
-1.135000
-1.544000
-1.825000
-1.958000
-1.932000
-1.749000
-1.423000
-0.980000
-0.455000
0.110000
0.668000
1.174000
1.585000
1.870000
2.007000
1.985000
1.806000
1.483000
1.042000
0.518000
-0.046000
-0.605000
-1.112000
-1.526000
-1.814000
-1.955000
-1.937000
-1.762000
-1.443000
-1.005000
-0.482000
0.082000
0.641000
1.150000
1.567000
1.859000
2.004000
1.990000
1.818000
1.503000
1.067000
0.546000
-0.018000
-0.578000
-1.088000
-1.508000
-1.803000
-1.952000
-1.942000
-1.774000
-1.462000
-1.029000
-0.510000
0.053000
0.614000
1.127000
1.549000
1.848000
2.000000
1.994000
1.831000
1.521000
1.091000
0.573000
0.011000
-0.551000
-1.065000
-1.490000
-1.792000
-1.948000
-1.946000
-1.786000
-1.480000
-1.053000
-0.537000
0.025000
0.587000
1.103000
1.531000
1.837000
1.997000
1.999000
1.842000
1.540000
1.115000
0.601000
0.039000
-0.523000
-1.041000
-1.471000
-1.780000
-1.944000
-1.950000
-1.798000
-1.499000
-1.077000
-0.564000
-0.003000
0.560000
1.079000
1.512000
1.825000
1.992000
2.002000
1.854000
1.558000
1.139000
0.628000
0.068000
-0.496000
-1.017000
-1.452000
-1.768000
-1.939000
-1.953000
-1.809000
-1.517000
-1.100000
-0.591000
-0.032000
0.532000
1.055000
1.493000
1.812000
1.988000
2.006000
1.865000
1.576000
1.162000
0.655000
0.096000
-0.468000
-0.992000
-1.433000
-1.755000
-1.934000
-1.956000
-1.820000
-1.535000
-1.123000
-0.618000
-0.060000
0.505000
1.030000
1.474000
1.800000
1.982000
2.008000
1.876000
1.594000
1.185000
0.682000
0.125000
-0.441000
-0.968000
-1.414000
-1.743000
-1.929000
-1.959000
-1.830000
-1.552000
-1.147000
-0.645000
-0.089000
0.477000
1.006000
1.454000
1.786000
1.977000
2.011000
1.886000
1.611000
1.208000
0.709000
0.153000
-0.413000
-0.943000
-1.394000
-1.729000
-1.923000
-1.961000
-1.840000
-1.569000
-1.169000
-0.672000
-0.117000
0.449000
0.981000
1.434000
1.773000
1.971000
2.013000
1.896000
1.628000
1.231000
0.735000
0.182000
-0.385000
-0.918000
-1.374000
-1.716000
-1.917000
-1.963000
-1.850000
-1.586000
-1.192000
-0.699000
-0.146000
0.421000
0.956000
1.414000
1.759000
1.965000
2.015000
1.905000
1.645000
1.253000
0.762000
0.210000
-0.357000
-0.893000
-1.353000
-1.702000
-1.911000
-1.965000
-1.859000
-1.603000
-1.214000
-0.725000
-0.174000
0.393000
0.930000
1.393000
1.745000
1.958000
2.016000
1.915000
1.661000
1.276000
0.788000
0.238000
-0.329000
-0.868000
-1.333000
-1.687000
-1.904000
-1.966000
-1.868000
-1.619000
-1.237000
-0.751000
-0.202000
0.365000
0.905000
1.373000
1.731000
1.951000
2.017000
1.923000
1.677000
1.298000
0.815000
0.267000
-0.301000
-0.842000
-1.312000
-1.673000
-1.897000
-1.967000
-1.877000
-1.635000
-1.258000
-0.777000
-0.231000
0.337000
0.879000
1.352000
1.716000
1.944000
2.018000
1.932000
1.693000
1.319000
0.841000
0.295000
-0.273000
-0.816000
-1.291000
-1.658000
-1.889000
-1.967000
-1.885000
-1.650000
-1.280000
-0.803000
-0.259000
0.309000
0.854000
1.330000
1.701000
1.936000
2.018000
1.940000
1.708000
1.341000
0.866000
0.323000
-0.245000
-0.790000
-1.269000
-1.643000
-1.881000
-1.967000
-1.893000
-1.665000
-1.301000
-0.829000
-0.287000
0.281000
0.828000
1.309000
1.685000
1.928000
2.017000
1.947000
1.723000
1.362000
0.892000
0.351000
-0.217000
-0.764000
-1.247000
-1.627000
-1.873000
-1.966000
-1.901000
-1.680000
-1.322000
-0.855000
-0.315000
0.252000
0.801000
1.287000
1.669000
1.919000
2.017000
1.955000
1.738000
1.383000
0.918000
0.379000
-0.188000
-0.738000
-1.226000
-1.611000
-1.864000
-1.965000
-1.908000
-1.695000
-1.343000
-0.880000
-0.343000
0.224000
0.775000
1.265000
1.653000
1.910000
2.016000
1.962000
1.752000
1.404000
0.943000
0.407000
-0.160000
-0.712000
-1.203000
-1.595000
-1.855000
-1.964000
-1.914000
-1.709000
-1.364000
-0.906000
-0.371000
0.196000
0.749000
1.242000
1.637000
1.901000
2.014000
1.968000
1.766000
1.424000
0.968000
0.435000
-0.132000
-0.685000
-1.181000
-1.578000
-1.845000
-1.962000
-1.921000
-1.723000
-1.384000
-0.931000
-0.399000
0.167000
0.722000
1.220000
1.620000
1.891000
2.012000
1.974000
1.780000
1.444000
0.993000
0.463000
-0.103000
-0.659000
-1.158000
-1.561000
-1.835000
-1.960000
-1.926000
-1.736000
-1.404000
-0.955000
-0.427000
0.139000
0.695000
1.197000
1.603000
1.881000
2.010000
1.980000
1.793000
1.464000
1.018000
0.491000
-0.075000
-0.632000
-1.135000
-1.544000
-1.825000
-1.958000
-1.932000
-1.749000
-1.423000
-0.980000
-0.455000
0.110000
0.668000
1.174000
1.585000
1.870000
2.007000
1.985000
1.806000
1.483000
1.042000
0.518000
-0.046000
-0.605000
-1.112000
-1.526000
-1.814000
-1.955000
-1.937000
-1.762000
-1.443000
-1.005000
-0.482000
0.082000
0.641000
1.150000
1.567000
1.859000
2.004000
1.990000
1.818000
1.503000
1.067000
0.546000
-0.018000
-0.578000
-1.088000
-1.508000
-1.803000
-1.952000
-1.942000
-1.774000
-1.462000
-1.029000
-0.510000
0.053000
0.614000
1.127000
1.549000
1.848000
2.000000
1.994000
1.831000
1.521000
1.091000
0.573000
0.011000
-0.551000
-1.065000
-1.490000
-1.792000
-1.948000
-1.946000
-1.786000
-1.480000
-1.053000
-0.537000
0.025000
