-0.000000
-0.000000
-0.000000
-0.000001
-0.000001
-0.000002
-0.000003
-0.000005
-0.000006
-0.000008
-0.000010
-0.000013
-0.000015
-0.000019
-0.000023
-0.000027
-0.000033
-0.000039
-0.000046
-0.000054
-0.000064
-0.000076
-0.000089
-0.000105
-0.000124
-0.000146
-0.000172
-0.000204
-0.000243
-0.000290
-0.000348
-0.000419
-0.000508
-0.000621
-0.000764
-0.000950
-0.001193
-0.001517
-0.001958
-0.002572
-0.003446
-0.004731
-0.006689
-0.009811
-0.015075
-0.024618
-0.043710
-0.087732
-0.214871
-0.779839
-13.127812
36.398018
-24.758375
1.873043
0.405624
0.156373
0.077379
0.044134
0.027560
0.018290
0.012647
0.008973
0.006445
0.004618
0.003236
0.002145
0.001245
0.000471
-0.000223
-0.000873
-0.001504
-0.002138
-0.002796
-0.003498
-0.004263
-0.005112
-0.006072
-0.007172
-0.008448
-0.009945
-0.011719
-0.013845
-0.016418
-0.019565
-0.023458
-0.028332
-0.034513
-0.042467
-0.052869
-0.066726
-0.085580
-0.111870
-0.149610
-0.205704
-0.292699
-0.434996
-0.684291
-1.163226
-2.212127
-5.026830
-15.957840
-137.726457
545.837275
-480.022416
75.710768
12.665412
4.434229
2.073017
1.138785
0.694340
0.455633
0.315858
0.228539
0.171176
0.131954
0.104253
0.084165
0.069279
0.058056
0.049478
0.042859
0.037725
0.033741
0.030671
0.028345
0.026642
0.025480
0.024804
-0.000000
-0.000008
-0.000016
-0.000026
-0.000036
-0.000047
-0.000060
-0.000074
-0.000089
-0.000105
-0.000123
-0.000143
-0.000165
-0.000189
-0.000215
-0.000244
-0.000276
-0.000312
-0.000351
-0.000394
-0.000441
-0.000494
-0.000553
-0.000619
-0.000693
-0.000776
-0.000870
-0.000977
-0.001100
-0.001241
-0.001404
-0.001596
-0.001824
-0.002096
-0.002427
-0.002834
-0.003345
-0.003999
-0.004853
-0.005999
-0.007579
-0.009835
-0.013186
-0.018410
-0.027048
-0.042457
-0.072861
-0.142140
-0.340199
-1.212427
-20.119488
55.125992
-37.080708
2.769566
0.589440
0.221446
0.105324
0.056488
0.032010
0.018116
0.009415
0.003487
-0.000876
-0.004327
-0.007244
-0.009865
-0.012348
-0.014804
-0.017323
-0.019979
-0.022842
-0.025982
-0.029474
-0.033400
-0.037858
-0.042961
-0.048850
-0.055696
-0.063712
-0.073170
-0.084413
-0.097888
-0.114180
-0.134064
-0.158584
-0.189165
-0.227792
-0.277279
-0.341704
-0.427123
-0.542791
-0.703317
-0.932657
-1.271920
-1.795615
-2.648239
-4.135127
-6.978673
-13.178167
-29.739973
-93.772720
-803.929738
3165.122181
-2765.202332
433.264001
71.996424
25.034783
11.621554
6.337174
3.833742
2.494603
1.713459
1.227161
0.908649
0.691358
0.538085
0.426913
0.344354
0.281796
0.233563
0.195813
0.165880
0.141877
0.122444
0.106584
0.093558
0.082808
0.073916
0.000000
-0.000008
-0.000015
-0.000021
-0.000027
-0.000033
-0.000038
-0.000043
-0.000048
-0.000052
-0.000057
-0.000062
-0.000068
-0.000073
-0.000080
-0.000088
-0.000097
-0.000107
-0.000119
-0.000134
-0.000152
-0.000173
-0.000199
-0.000230
-0.000268
-0.000315
-0.000372
-0.000443
-0.000530
-0.000637
-0.000772
-0.000940
-0.001154
-0.001425
-0.001774
-0.002228
-0.002826
-0.003625
-0.004710
-0.006215
-0.008353
-0.011478
-0.016208
-0.023685
-0.036172
-0.058576
-0.102903
-0.203907
-0.492077
-1.756822
-29.057257
79.104369
-52.838758
3.929642
0.838501
0.319732
0.157397
0.090040
0.057021
0.038942
0.028241
0.021541
0.017173
0.014246
0.012258
0.010909
0.010015
0.009458
0.009164
0.009085
0.009190
0.009462
0.009895
0.010487
0.011248
0.012191
0.013339
0.014722
0.016381
0.018370
0.020758
0.023636
0.027126
0.031388
0.036637
0.043170
0.051395
0.061893
0.075502
0.093463
0.117667
0.151091
0.198599
0.268510
0.375859
0.549703
0.851244
1.424807
2.668509
5.972928
18.678761
158.816408
-620.072545
537.167120
-83.446120
-13.745431
-4.736823
-2.178615
-1.176610
-0.704679
-0.453701
-0.308147
-0.218048
-0.159362
-0.119538
-0.091586
-0.071400
-0.056464
-0.045175
-0.036481
-0.029671
-0.024251
-0.019875
-0.016289
-0.013310
-0.010797
-0.008645
-0.006770
0.000000
-0.000001
-0.000002
-0.000005
-0.000009
-0.000014
-0.000021
-0.000029
-0.000039
-0.000051
-0.000064
-0.000080
-0.000099
-0.000120
-0.000145
-0.000173
-0.000206
-0.000244
-0.000288
-0.000339
-0.000399
-0.000468
-0.000549
-0.000644
-0.000756
-0.000889
-0.001046
-0.001234
-0.001460
-0.001733
-0.002065
-0.002473
-0.002978
-0.003609
-0.004406
-0.005426
-0.006749
-0.008492
-0.010832
-0.014041
-0.018551
-0.025083
-0.034885
-0.050261
-0.075756
-0.121201
-0.210568
-0.413042
-0.987584
-3.496020
-57.365785
154.985567
-102.738939
7.579550
1.602823
0.604718
0.293825
0.165337
0.102530
0.068176
0.047804
0.034966
0.026487
0.020674
0.016570
0.013605
0.011424
0.009802
0.008586
0.007676
0.007001
0.006514
0.006179
0.005974
0.005883
0.005895
0.006008
0.006221
0.006537
0.006967
0.007524
0.008228
0.009107
0.010200
0.011560
0.013257
0.015392
0.018106
0.021601
0.026175
0.032279
0.040616
0.052327
0.069346
0.095135
0.136329
0.206772
0.338803
0.620786
1.358375
4.149226
34.425128
-131.009546
110.486415
-16.685411
-2.667708
-0.890737
-0.396151
-0.206421
-0.118972
-0.073501
-0.047741
-0.032183
-0.022308
-0.015786
-0.011339
-0.008226
-0.005999
-0.004378
-0.003180
-0.002285
-0.001612
-0.001105
-0.000725
-0.000443
-0.000240
-0.000104
-0.000026
0.000000
0.000009
0.000018
0.000029
0.000040
0.000053
0.000068
0.000084
0.000101
0.000121
0.000143
0.000168
0.000195
0.000226
0.000260
0.000299
0.000342
0.000391
0.000446
0.000508
0.000579
0.000660
0.000753
0.000859
0.000982
0.001125
0.001291
0.001486
0.001716
0.001990
0.002318
0.002713
0.003196
0.003790
0.004530
0.005464
0.006658
0.008212
0.010271
0.013058
0.016929
0.022466
0.030678
0.043409
0.064274
0.101038
0.172501
0.332543
0.781405
2.718130
43.815678
-116.241586
75.617703
-5.469732
-1.132731
-0.417867
-0.198130
-0.108520
-0.065296
-0.041961
-0.028297
-0.019787
-0.014225
-0.010444
-0.007790
-0.005874
-0.004460
-0.003395
-0.002577
-0.001941
-0.001438
-0.001035
-0.000710
-0.000446
-0.000229
-0.000051
0.000094
0.000211
0.000303
0.000370
0.000412
0.000427
0.000410
0.000354
0.000249
0.000076
-0.000187
-0.000578
-0.001153
-0.001998
-0.003250
-0.005135
-0.008033
-0.012623
-0.020173
-0.033220
-0.057287
-0.105834
-0.217179
-0.529377
-1.793545
-16.448600
69.005426
-64.016818
10.617535
1.862126
0.681468
0.332017
0.189474
0.119600
0.080935
0.057601
0.042562
0.032350
0.025111
0.019787
0.015742
0.012573
0.010018
0.007900
0.006091
0.004500
0.003058
0.001710
0.000410
-0.000883
-0.002208
-0.003602
-0.000000
0.000007
0.000014
0.000020
0.000025
0.000030
0.000035
0.000039
0.000043
0.000047
0.000051
0.000055
0.000058
0.000062
0.000066
0.000069
0.000073
0.000077
0.000082
0.000086
0.000092
0.000097
0.000104
0.000110
0.000118
0.000126
0.000136
0.000146
0.000158
0.000171
0.000185
0.000200
0.000218
0.000236
0.000256
0.000277
0.000298
0.000317
0.000333
0.000339
0.000325
0.000275
0.000154
-0.000111
-0.000672
-0.001891
-0.004720
-0.012114
-0.035899
-0.152055
-2.912207
9.015749
-6.751171
0.556190
0.130087
0.053835
0.028479
0.017326
0.011537
0.008179
0.006069
0.004658
0.003666
0.002939
0.002386
0.001950
0.001595
0.001295
0.001033
0.000795
0.000570
0.000351
0.000129
-0.000105
-0.000356
-0.000636
-0.000953
-0.001319
-0.001748
-0.002260
-0.002876
-0.003627
-0.004552
-0.005704
-0.007152
-0.008996
-0.011371
-0.014474
-0.018590
-0.024147
-0.031803
-0.042607
-0.058287
-0.081833
-0.118702
-0.179552
-0.287057
-0.495232
-0.954584
-2.196101
-7.050924
-61.495484
246.140860
-218.546463
34.803836
5.881647
2.082451
0.986283
0.550305
0.342010
0.229831
0.164121
0.123203
0.096552
0.078627
0.066320
0.057797
0.051933
0.048016
0.045588
0.044349
0.044108
0.044750
0.046213
0.048481
0.051574
0.055549
0.060500
