0.000000
0.000007
0.000014
0.000021
0.000029
0.000037
0.000045
0.000053
0.000062
0.000071
0.000082
0.000093
0.000104
0.000117
0.000132
0.000147
0.000165
0.000184
0.000205
0.000229
0.000256
0.000287
0.000322
0.000362
0.000407
0.000460
0.000522
0.000594
0.000679
0.000780
0.000902
0.001048
0.001227
0.001448
0.001724
0.002073
0.002522
0.003109
0.003891
0.004956
0.006447
0.008595
0.011809
0.016835
0.025151
0.039952
0.069026
0.134854
0.321577
1.136663
18.640061
-50.357022
33.382804
-2.461783
-0.519759
-0.195382
-0.094287
-0.052452
-0.031950
-0.020685
-0.013953
-0.009659
-0.006769
-0.004732
-0.003236
-0.002093
-0.001186
-0.000438
0.000202
0.000772
0.001297
0.001799
0.002295
0.002800
0.003327
0.003890
0.004504
0.005184
0.005950
0.006823
0.007830
0.009007
0.010396
0.012056
0.014060
0.016512
0.019551
0.023373
0.028259
0.034620
0.043077
0.054601
0.070760
0.094219
0.129745
0.186467
0.283443
0.465184
0.853312
1.868525
5.709807
47.381014
-180.320279
152.070394
-22.966610
-3.672901
-1.227116
-0.546384
-0.285251
-0.164895
-0.102316
-0.066868
-0.045459
-0.031871
-0.022896
-0.016775
-0.012485
-0.009409
-0.007160
-0.005487
-0.004221
-0.003249
-0.002489
-0.001884
-0.001392
-0.000981
-0.000626
-0.000304
-0.000000
0.000013
0.000027
0.000041
0.000056
0.000072
0.000088
0.000105
0.000124
0.000143
0.000163
0.000185
0.000208
0.000232
0.000258
0.000286
0.000315
0.000347
0.000381
0.000417
0.000456
0.000498
0.000544
0.000594
0.000649
0.000709
0.000776
0.000850
0.000933
0.001027
0.001133
0.001256
0.001399
0.001568
0.001769
0.002014
0.002315
0.002696
0.003186
0.003833
0.004713
0.005950
0.007758
0.010529
0.015032
0.022917
0.038182
0.072278
0.167767
0.579516
9.315158
-24.705971
16.075077
-1.160487
-0.238523
-0.086463
-0.039641
-0.020473
-0.011159
-0.006067
-0.003025
-0.001073
0.000258
0.001216
0.001941
0.002514
0.002986
0.003388
0.003741
0.004059
0.004350
0.004618
0.004866
0.005094
0.005299
0.005477
0.005620
0.005716
0.005749
0.005698
0.005533
0.005210
0.004673
0.003840
0.002595
0.000774
-0.001864
-0.005672
-0.011186
-0.019232
-0.031119
-0.048988
-0.076474
-0.120022
-0.191698
-0.315637
-0.544400
-1.006031
-2.065119
-5.035145
-17.062526
-156.495645
656.545571
-609.076019
101.022996
17.721496
6.489005
3.164995
1.809677
1.145849
0.779072
0.558287
0.416565
0.320933
0.253771
0.205038
0.168703
0.140988
0.119434
0.102390
0.088722
0.077627
0.068529
0.061007
0.054748
0.049517
0.045137
0.041475
-0.000000
0.000004
0.000008
0.000011
0.000014
0.000016
0.000018
0.000020
0.000022
0.000023
0.000024
0.000025
0.000027
0.000028
0.000029
0.000031
0.000033
0.000035
0.000037
0.000040
0.000043
0.000047
0.000052
0.000057
0.000063
0.000069
0.000077
0.000086
0.000096
0.000108
0.000121
0.000136
0.000152
0.000170
0.000189
0.000210
0.000232
0.000252
0.000270
0.000280
0.000273
0.000235
0.000133
-0.000097
-0.000592
-0.001678
-0.004212
-0.010854
-0.032252
-0.136819
-2.622048
8.117958
-6.078610
0.501003
0.117377
0.048765
0.025986
0.016003
0.010858
0.007912
0.006100
0.004930
0.004153
0.003631
0.003285
0.003067
0.002949
0.002911
0.002945
0.003043
0.003204
0.003429
0.003724
0.004095
0.004551
0.005108
0.005783
0.006598
0.007584
0.008780
0.010237
0.012019
0.014215
0.016943
0.020361
0.024689
0.030236
0.037442
0.046950
0.059722
0.077238
0.101852
0.137452
0.190754
0.274018
0.411184
0.653182
1.121338
2.153696
4.942882
15.847748
138.133054
-552.828591
490.877201
-78.155820
-13.194353
-4.659944
-2.196513
-1.215758
-0.746237
-0.492425
-0.342795
-0.248636
-0.186280
-0.143252
-0.112533
-0.089963
-0.072965
-0.059881
-0.049612
-0.041405
-0.034735
-0.029224
-0.024596
-0.020643
-0.017205
-0.014159
-0.011401
0.000000
-0.000000
-0.000000
-0.000000
-0.000000
-0.000001
-0.000002
-0.000003
-0.000004
-0.000006
-0.000008
-0.000011
-0.000015
-0.000019
-0.000025
-0.000032
-0.000041
-0.000052
-0.000065
-0.000081
-0.000100
-0.000123
-0.000152
-0.000187
-0.000229
-0.000282
-0.000346
-0.000425
-0.000522
-0.000644
-0.000797
-0.000989
-0.001234
-0.001547
-0.001953
-0.002485
-0.003192
-0.004145
-0.005453
-0.007285
-0.009916
-0.013805
-0.019762
-0.029293
-0.045406
-0.074682
-0.133341
-0.268713
-0.659883
-2.398539
-40.401544
112.023452
-76.196390
5.766887
1.250855
0.483983
0.241136
0.139119
0.088443
0.060284
0.043327
0.032482
0.025217
0.020173
0.016570
0.013943
0.011999
0.010551
0.009473
0.008681
0.008117
0.007741
0.007529
0.007464
0.007538
0.007748
0.008101
0.008606
0.009282
0.010155
0.011260
0.012647
0.014382
0.016554
0.019286
0.022746
0.027171
0.032896
0.040412
0.050449
0.064127
0.083217
0.110636
0.151399
0.214622
0.318032
0.499191
0.847202
1.609327
3.654391
11.596308
100.066471
-396.571556
348.759244
-55.004428
-9.199162
-3.218709
-1.503023
-0.824080
-0.500970
-0.327314
-0.225513
-0.161796
-0.119814
-0.090978
-0.070474
-0.055458
-0.044173
-0.035493
-0.028672
-0.023201
-0.018723
-0.014984
-0.011794
-0.009010
-0.006523
-0.004241
-0.002089
0.000000
0.000005
0.000011
0.000018
0.000026
0.000035
0.000046
0.000058
0.000073
0.000089
0.000108
0.000130
0.000155
0.000184
0.000217
0.000256
0.000300
0.000351
0.000411
0.000480
0.000561
0.000655
0.000765
0.000895
0.001049
0.001231
0.001448
0.001708
0.002023
0.002404
0.002871
0.003448
0.004165
0.005067
0.006214
0.007691
0.009620
0.012182
0.015647
0.020436
0.027224
0.037137
0.052146
0.075902
0.115655
0.187183
0.329176
0.653975
1.584533
5.686700
94.635967
-259.367783
174.428893
-13.053811
-2.799212
-1.070220
-0.526419
-0.299425
-0.187307
-0.125295
-0.088069
-0.064282
-0.048313
-0.037148
-0.029071
-0.023052
-0.018445
-0.014833
-0.011933
-0.009551
-0.007549
-0.005825
-0.004303
-0.002923
-0.001637
-0.000402
0.000817
0.002058
0.003356
0.004752
0.006290
0.008025
0.010024
0.012375
0.015190
0.018623
0.022885
0.028276
0.035225
0.044372
0.056690
0.073717
0.097971
0.133776
0.188962
0.278719
0.435140
0.734151
1.385889
3.126751
9.857014
84.497679
-332.666327
290.636062
-45.536122
-7.565187
-2.629127
-1.219135
-0.663507
-0.400153
-0.259154
-0.176785
-0.125383
-0.091591
-0.068411
-0.051929
-0.039835
-0.030709
-0.023638
-0.018020
-0.013442
-0.009616
-0.006332
-0.003433
-0.000798
0.001669
0.004050
0.006420
0.000000
0.000013
0.000025
0.000037
0.000049
0.000061
0.000072
0.000084
0.000096
0.000108
0.000120
0.000134
0.000147
0.000162
0.000179
0.000196
0.000216
0.000237
0.000262
0.000289
0.000321
0.000357
0.000399
0.000448
0.000506
0.000574
0.000655
0.000751
0.000867
0.001007
0.001179
0.001390
0.001653
0.001982
0.002400
0.002936
0.003634
0.004558
0.005804
0.007519
0.009940
0.013461
0.018769
0.027132
0.041065
0.066018
0.115324
0.227583
0.547718
1.952458
32.272771
-87.852767
58.685049
-4.362507
-0.929293
-0.352972
-0.172496
-0.097483
-0.060586
-0.040259
-0.028099
-0.020352
-0.015161
-0.011534
-0.008905
-0.006937
-0.005417
-0.004207
-0.003214
-0.002372
-0.001636
-0.000968
-0.000342
0.000268
0.000881
0.001517
0.002197
0.002942
0.003776
0.004728
0.005833
0.007134
0.008687
0.010567
0.012870
0.015729
0.019328
0.023925
0.029894
0.037789
0.048451
0.063204
0.084216
0.115190
0.162819
0.240039
0.374100
0.629257
1.182765
2.653746
8.310488
70.703511
-276.080492
239.155483
-37.159678
-6.127301
-2.116807
-0.978246
-0.532585
-0.322964
-0.211758
-0.147533
-0.108046
-0.082600
-0.065611
-0.053975
-0.045871
-0.040188
-0.036224
-0.033522
-0.031780
-0.030795
-0.030434
-0.030606
-0.031259
-0.032364
-0.033916
-0.035927
