0.000000
0.000002
0.000003
0.000002
0.000000
0.000002
0.000004
0.000002
0.000000
0.000003
0.000006
0.000003
0.000000
0.000004
0.000010
0.000006
0.000000
0.000008
0.000018
0.000011
0.000000
0.000016
0.000040
0.000025
0.000000
0.000044
0.000123
0.000091
0.000000
0.000267
0.001234
0.002530
0.080000
0.002658
0.001361
0.000310
0.000000
0.000117
0.000166
0.000062
0.000000
0.000039
0.000065
0.000027
0.000000
0.000020
0.000036
0.000016
0.000000
0.000013
0.000023
0.000011
0.000000
0.000009
0.000017
0.000008
0.000000
0.000007
0.000013
0.000006
0.000000
0.000005
0.000010
0.000005
0.000000
0.000004
0.000009
0.000004
0.000000
0.000004
0.000007
0.000004
0.000000
0.000003
0.000006
0.000003
0.000000
0.000003
0.000006
0.000003
0.000000
0.000003
0.000005
0.000002
0.000000
0.000002
0.000005
0.000002
0.000000
0.000002
0.000004
0.000002
0.000000
0.000002
0.000004
0.000002
0.000000
0.000002
0.000004
0.000002
0.000000
0.000002
0.000004
0.000002
0.000000
0.000002
0.000003
0.000002
0.000000
0.000002
0.000003
0.000002
0.000000
0.000002
0.000003
0.000002
0.000000
0.000002
0.000003
0.000002
0.000000
0.000002
0.000003
0.000002
0.000000
0.000002
0.000003
0.000002
0.000000
